0.002832
0.002931
0.003437
0.009636
0.002831
0.003276
0.003034
0.002697
0.003168
0.002627
0.002689
0.008583
0.002671
0.003066
0.002660
0.003088
0.002543
0.003217
0.002990
0.003173
0.004302
0.002781
0.003113
0.003720
0.002662
0.002991
0.003072
0.002807
0.002605
0.002550
0.002830
0.002653
0.002908
0.003194
0.002669
0.002556
0.003225
0.002722
0.002902
0.002738
0.003251
0.002976
0.002884
0.002901
0.007665
0.006993
0.003029
0.009068
0.002827
0.002839
0.002445
0.002799
0.008052
0.003161
0.008093
0.002850
0.002914
0.003137
0.002393
0.002584
0.002954
0.002570
0.003141
0.003009
0.003116
0.002493
0.002838
0.002683
0.003000
0.003074
0.002442
0.002614
0.002559
0.003310
0.006250
0.003080
0.002514
0.003453
0.002436
0.003322
0.002527
0.002916
0.002772
0.002900
0.003164
0.002604
0.003148
0.002742
0.002655
0.002750
0.007201
0.003003
0.002621
0.002677
0.007628
0.002561
0.003549
0.003228
0.002809
0.003205
0.002947
0.002729
0.002922
0.003185
0.002886
0.003019
0.002787
0.003126
0.003153
0.002913
0.002832
0.002653
0.007907
0.003055
0.003128
0.002884
0.002814
0.002658
0.008946
0.002780
0.003081
0.002867
0.003030
0.003490
0.002563
0.003133
0.002528
0.007402
0.002831
0.002723
0.002711
0.002741
0.002912
0.002345
0.002408
0.002696
0.002906
0.003070
0.002675
0.002369
0.002935
0.003021
0.003043
0.003318
0.004958
0.003917
0.003874
0.003920
0.003803
0.003587
0.003649
0.006617
0.003629
0.004320
0.004475
0.004374
0.004179
0.004121
0.004443
0.004168
0.005001
0.004641
0.004849
0.003931
0.005058
0.004575
0.004673
0.004947
0.004421
0.004583
0.004430
0.004191
0.004382
0.004503
0.004243
0.004435
0.004830
0.004628
0.003798
0.004502
0.004349
0.003993
0.005496
0.004127
0.004170
0.003999
0.004956
0.004208
0.004151
0.004267
0.004891
0.004757
0.003609
0.004454
0.004240
0.004310
0.004856
0.003953
0.005016
0.003823
0.005106
0.004600
0.005743
0.005418
0.003931
